# Mass  I_z   a    b    c_f      c_r      mu   TargetSpeed  Start_X  Start_Y  Start_Psi  Start_Vx
1500.0  2500  1.2  1.5  50000.0  50000.0  0.8  14.0         40.0      2.0      0.0        10.0         
1500.0  2500  1.2  1.5  50000.0  50000.0  0.8  13.5         40.0     -2.0      0.0        10.0
1500.0  2500  1.2  1.5  50000.0  50000.0  0.8  15.0         30.0      2.0      0.0        10.0
1500.0  2500  1.2  1.5  50000.0  50000.0  0.8  14.5         30.0     -2.0      0.0        10.0
1500.0  2500  1.2  1.5  50000.0  50000.0  0.8  16.0         20.0      2.0      0.0        10.0
1500.0  2500  1.2  1.5  50000.0  50000.0  0.8  15.5         20.0     -2.0      0.0        10.0
1500.0  2500  1.2  1.5  50000.0  50000.0  0.8  17.0         10.0      2.0      0.0        10.0
1500.0  2500  1.2  1.5  50000.0  50000.0  0.8  16.5         10.0     -2.0      0.0        10.0
1500.0  2500  1.2  1.5  50000.0  50000.0  0.8  18.0          0.0      0.0      0.0        10.0
